[  1.75746365e-03   8.78734622e-03   1.75746924e-03   3.31389851e-03
   5.23555046e-03   1.75746924e-03   1.75746924e-03   2.00471785e-02
   1.75746924e-03   1.75746924e-03   1.75746742e-03   1.75746191e-03
   1.75746924e-03   1.75746924e-03   1.75746924e-03   3.34914267e-03
   7.02987891e-03   3.51502994e-16   1.75746924e-03   1.75746904e-03
   8.78734622e-03   5.26988535e-03   1.75746904e-03   1.75746924e-03
   6.79193735e-03   3.26046200e-03   7.02979963e-03   1.75746440e-03
   1.75746924e-03   1.75746924e-03   1.75746924e-03   1.75746924e-03
   1.75746747e-03   3.51474482e-03   1.75746924e-03   1.23775668e-02
   1.75746924e-03   1.39706087e-02   1.75746872e-03   4.22661538e-02
   5.26401479e-03   1.75746924e-03   1.04677986e-03   1.75746924e-03
   7.20018270e-04   5.27234586e-03   1.75746924e-03   1.75746924e-03
   5.26971647e-03   3.51493849e-03   3.51493159e-03   8.42346482e-04
   1.67267932e-03   1.75746905e-03   3.51488068e-03   3.51493575e-03
   1.23394205e-02   1.39221980e-02   2.91871259e-03   1.75746924e-03
   1.53379300e-07   7.48417651e-03   1.65317375e-03   8.59648021e-03
   1.75746924e-03   1.23024327e-02   1.00121834e-02   1.75746490e-03
   1.75746914e-03   3.97633618e-04   3.48016654e-03   3.51493727e-03
   3.51493849e-03   3.51495215e-03   3.51493563e-03   3.51403887e-03
   5.27240773e-03   5.53987606e-03   3.51509668e-03   4.63364978e-05
   1.75746916e-03   7.69940924e-03   7.10689372e-04   3.51471626e-03
   3.20056210e-05   1.75746924e-03   1.75727972e-03   8.79020956e-03
   1.36787513e-08   3.52161004e-16   1.23713145e-02   3.51292473e-03
   3.29468010e-03   3.46653070e-11   1.75746924e-03   1.75746924e-03
   3.51493850e-03   3.52125840e-03   3.24788768e-06   1.75746640e-03
   5.34459858e-03   1.75746872e-03   3.51207718e-03   1.10677122e-02
   1.75746924e-03   3.51383681e-03   3.33873153e-03   5.20021500e-03
   1.75716421e-03   1.23022847e-02   1.75743890e-03   3.48393929e-03
   1.75746924e-03   1.59557068e-02   3.51508749e-03   2.98474189e-08
   6.46696932e-09   3.37643473e-03   1.75746924e-03   5.27239718e-03
   1.75746918e-03   5.70029815e-03   1.58127399e-02   1.75739250e-03
   1.40413598e-02   3.51493852e-03   7.02987698e-03   1.05439262e-02
   3.51493849e-03   6.95377290e-03   1.75746923e-03   3.51494289e-03
   1.75746924e-03   3.40364594e-16   1.68516064e-04   5.27240773e-03
   3.40537525e-05   1.24755747e-02   1.05448155e-02   4.91156925e-03
   1.75746924e-03   3.51464970e-03   1.75746924e-03   1.22159774e-02
   4.33348734e-04   7.08180533e-03   1.75746903e-03   1.71110517e-03
   8.75011077e-03   1.77638720e-09   1.75746924e-03   1.70036374e-03
   8.68567924e-03   3.05031272e-07   2.66689137e-05   1.75746544e-03
   1.05448155e-02   1.05427641e-02   1.75746853e-03   3.51425342e-03
   8.47899199e-05   4.96791033e-03   4.52634184e-10   1.35983563e-03
   5.86352273e-03   1.40463236e-02   1.75746314e-03   1.15234681e-03
   1.75746887e-03   3.52868856e-03   3.51493849e-03   2.88888318e-04
   1.75745729e-03   1.75746329e-03   9.38253791e-04   1.75745077e-03
   4.86813157e-04   3.51402258e-03   3.75352199e-03   1.57217327e-05
   5.25926575e-03   1.75746922e-03   1.75746924e-02   1.75746924e-03
   1.75742283e-03   6.45847437e-10   3.16618297e-03   3.51328928e-03
   1.75746744e-03   9.37632169e-06   1.75746624e-03   1.75746924e-03
   1.75744596e-03   5.48921208e-03   3.46126239e-03   8.88453848e-04
   3.39946088e-03   2.62744751e-09   3.51493786e-03   3.51493839e-03
   5.26014030e-03   3.51391309e-03   1.75737371e-03   1.75746854e-03
   1.75746921e-03   1.75746924e-03   1.75746879e-03   3.44632075e-03
   1.04295257e-04   5.49180071e-03   3.51344276e-03   7.37973428e-03
   1.75746924e-03   3.51492995e-03   3.63017495e-03   1.75746890e-03
   5.27245630e-03   6.92247325e-03   3.52165411e-16   7.03546343e-03
   1.75744853e-03   5.24212402e-03   1.75746924e-03   1.03745097e-03
   9.47713936e-04   5.22082674e-03   1.75746765e-03   1.75746923e-03
   3.51486486e-03   3.52157772e-16   9.77621109e-03   1.75742064e-03
   7.03656726e-03   1.75746924e-03   3.51493850e-03   3.51281574e-03
   5.61488887e-03   5.19310393e-03   2.58905255e-04   1.75746916e-03
   1.75745909e-03   1.95748190e-07   1.76114051e-02   1.75744663e-03
   3.51183301e-03   3.51407274e-03   3.49328911e-03   5.07189650e-03
   1.56959451e-07   5.59955842e-04   3.51493849e-03   1.75740726e-03
   3.46320473e-03   1.75746924e-03   2.12608307e-02   3.51475908e-03]
[  3.16455660e-03   3.16455696e-03   2.52622239e-03   3.16455696e-03
   3.16455696e-03   3.16440246e-03   3.16455696e-03   3.16455696e-03
   3.16455169e-03   4.43097418e-04   3.16054166e-03   6.27206173e-04
   3.16455696e-03   9.58178162e-03   3.16455696e-03   3.16455696e-03
   2.73570941e-03   3.16455696e-03   3.63436918e-04   1.58227858e-02
   2.71400928e-03   3.16455696e-03   3.16455696e-03   3.16455696e-03
   3.16455667e-03   1.89873291e-02   3.16455696e-03   1.83772127e-04
   1.11705158e-03   9.49367089e-03   3.16455696e-03   3.16455696e-03
   3.65133203e-04   3.16455696e-03   6.32910575e-03   1.95816458e-04
   3.16455695e-03   6.39862986e-03   2.28574801e-03   2.43256067e-03
   3.16455696e-03   3.16455696e-03   9.49368817e-03   3.16455696e-03
   6.32911392e-03   6.32961628e-03   9.49407406e-03   3.16455696e-03
   4.18223102e-06   3.16455696e-03   3.16455696e-03   2.20340476e-06
   6.32911227e-03   3.16455696e-03   6.32851326e-03   9.75232749e-03
   3.16455696e-03   3.16455696e-03   3.16455696e-03   3.16455390e-03
   6.32863063e-03   4.36632437e-05   3.16455696e-03   1.49723662e-04
   6.32991121e-03   3.16455696e-03   3.16455696e-03   3.16455696e-03
   3.16455696e-03   6.29104173e-03   3.16455696e-03   6.32911392e-03
   3.16455696e-03   8.78808948e-04   9.47709548e-03   1.32719280e-03
   5.17911661e-04   3.16455696e-03   3.16453267e-03   3.16455696e-03
   5.15016190e-07   3.16455696e-03   6.32911392e-03   1.21570355e-07
   6.32949000e-03   1.65025088e-04   3.16455696e-03   9.49467626e-03
   6.32911807e-03   1.28482384e-02   9.24661037e-03   2.44414288e-16
   9.23538337e-03   6.34746307e-03   9.49405155e-03   6.32911673e-03
   6.32873788e-03   1.44031005e-03   3.01483330e-03   2.64455845e-03
   3.16455696e-03   3.13220204e-03   6.37913236e-03   1.89850177e-02
   1.57768582e-06   1.51477741e-03   3.14768396e-03   3.16455656e-03
   3.16455696e-03   2.09865511e-08   6.32911392e-03   3.05535282e-03
   3.19242063e-04   1.35250968e-03   2.64825191e-05   3.16455696e-03
   3.16455695e-03   1.58227839e-02   3.16455696e-03   1.13653720e-03
   3.16455663e-03   1.26969283e-02   1.93393270e-04   3.16455696e-03
   6.31435732e-03   3.16455613e-03   3.16455696e-03   6.32911392e-03
   3.16455321e-03   4.01530342e-06   6.32810296e-03   1.58003569e-02
   3.16455460e-03   6.32908991e-03   9.51591988e-03   3.16455696e-03
   9.85483783e-04   6.32913684e-03   2.44227615e-16   6.32271282e-03
   6.32913418e-03   3.16455696e-03   3.16455692e-03   3.16455696e-03
   1.02487202e-05   2.98078483e-03   6.25959863e-03   3.16455613e-03
   6.27909549e-03   3.16454942e-03   3.16453525e-03   3.15912168e-03
   3.16414089e-03   3.16404195e-03   4.35081639e-05   3.16455696e-03
   5.90632576e-09   3.16455696e-03   3.16455655e-03   4.28847556e-04
   6.32911392e-03   3.16455696e-03   2.53735079e-03   3.16455688e-03
   2.45554606e-16   2.32505943e-16   3.16455696e-03   3.16455696e-03
   3.16455696e-03   3.16455689e-03   9.49304541e-03   3.16455689e-03
   6.08888953e-06   2.44205131e-16   3.94433431e-08   3.16455323e-03
   1.51451926e-05   6.32911392e-03   1.01720186e-05   9.49367906e-03
   3.16455696e-03   7.32128068e-06   2.95965177e-03   6.32911395e-03
   3.16455696e-03   4.50508236e-04   3.16455696e-03   3.16037473e-03
   3.16455391e-03   3.16455671e-03   1.90443986e-02   3.13807444e-03
   2.99344298e-03   3.16455696e-03   3.12104880e-03   1.53728725e-03
   8.10976851e-07   9.51605502e-03   3.12089372e-03   1.19165974e-03
   3.16455696e-03   3.16455696e-03   2.34559278e-05   3.16455431e-03
   9.49366859e-03   3.16453968e-03   3.16455696e-03   1.68730017e-05
   1.10652447e-03   3.14710476e-03   3.16455696e-03   1.81204728e-03
   3.16453685e-03   6.32911392e-03   3.16455696e-03   6.32874237e-03
   3.16455696e-03   9.49429622e-03   3.16365183e-03   1.26581490e-02
   6.32705785e-03   1.74521974e-05   1.09079079e-04   1.56709721e-02
   3.06487686e-06   2.04750536e-03   3.16455696e-03   3.16455696e-03
   2.63284867e-04   2.84530095e-03   1.64884700e-03   1.67001770e-07
   6.32869332e-03   3.16455453e-03   3.16455696e-03   3.16455696e-03
   6.32849164e-03   2.83358575e-06   3.16455696e-03   1.97289722e-03
   3.16455623e-03   5.19998512e-04   2.53187828e-02   6.32911376e-03
   1.83736416e-03   3.16455684e-03   9.08872729e-06   4.44941158e-04
   6.32912058e-03   3.16455696e-03   2.01777104e-03   3.16455696e-03
   1.04363982e-05   9.55779714e-03   3.24127216e-08   3.16455691e-03]
[  5.05768277e-04   3.51489305e-03   4.49790500e-07   1.72673043e-02
   1.75746924e-03   3.51493778e-03   1.75746924e-03   1.06196590e-05
   1.75746924e-03   1.75746924e-03   4.28520291e-07   1.38047301e-02
   1.44788031e-03   3.50014118e-03   1.97384030e-07   3.49163198e-03
   5.27240773e-03   3.51493849e-03   1.42060747e-03   1.75746924e-03
   7.03190278e-03   1.75746924e-03   1.75746924e-03   3.51477025e-03
   3.51493849e-03   3.30918786e-05   3.51244340e-03   1.75746924e-03
   9.87940782e-06   5.27228997e-03   1.23987855e-02   1.10202488e-02
   1.75745318e-03   3.61915203e-03   1.75746924e-03   3.51513327e-03
   1.41875811e-06   8.53778358e-03   2.28949239e-02   3.50777481e-06
   1.46352333e-05   1.75746924e-03   1.68878049e-03   3.51493849e-03
   1.75746924e-03   3.51493849e-03   3.51493748e-03   3.36533961e-05
   1.30588747e-04   3.15499551e-04   4.41441614e-04   2.70917901e-04
   1.75746924e-03   1.75746924e-03   1.75746924e-03   3.51493849e-03
   1.75746105e-03   1.75746710e-03   1.75746924e-03   1.75746084e-03
   1.75746924e-03   1.75746437e-03   1.75746479e-03   1.75701945e-03
   3.51493169e-03   5.99126965e-03   3.51742983e-03   3.51493293e-03
   1.03405726e-02   1.75746924e-03   4.87317019e-09   1.75746924e-03
   1.75738640e-03   1.75746924e-03   5.27244090e-03   5.27240810e-03
   1.75746919e-03   3.51493955e-03   8.19581353e-05   3.86197346e-03
   3.51493849e-03   2.03424100e-04   1.60641825e-08   1.75746910e-03
   3.51797190e-03   1.22124222e-02   3.51426766e-03   1.75745597e-03
   3.16689001e-08   1.75746873e-03   7.07449607e-03   3.51165334e-03
   5.27221669e-03   1.15142332e-03   1.75746924e-03   1.75633662e-03
   3.51493816e-03   3.51262714e-03   7.02989768e-03   1.75746916e-03
   3.58813185e-07   3.18921293e-03   5.27240773e-03   3.51493926e-03
   1.00459183e-05   1.25398429e-02   7.05979247e-03   1.75746856e-03
   1.75743683e-03   7.02987698e-03   1.66273998e-01   3.50741414e-03
   6.86887553e-05   3.03998403e-03   1.75746924e-03   1.75743689e-03
   1.23836719e-02   1.75746924e-03   3.51522501e-03   3.42626270e-03
   3.51493849e-03   9.99605548e-04   3.51493849e-03   7.02987698e-03
   1.39869254e-03   1.53940991e-03   1.75746924e-03   3.51493849e-03
   1.75746924e-03   1.75746924e-03   1.75746786e-03   1.75746887e-03
   9.14622650e-04   1.75746924e-03   3.51489923e-03   4.29573511e-04
   1.75746924e-03   1.75746924e-03   1.75746822e-03   1.75746924e-03
   3.51501028e-03   8.77940338e-03   1.15644015e-03   1.97481416e-04
   1.75746924e-03   1.67197355e-03   1.75746924e-03   5.27238706e-03
   4.83253634e-03   2.14135270e-02   6.85375742e-05   1.75746921e-03
   1.75746924e-03   3.51493849e-03   3.51492072e-03   1.75746924e-03
   5.55733358e-08   1.15405846e-02   1.03773734e-06   1.02373176e-02
   2.31851000e-04   1.75746924e-03   5.27241327e-03   1.41010065e-02
   1.75746924e-03   1.58497429e-02   7.37077236e-03   1.75746924e-03
   5.90276456e-04   3.51493655e-03   2.93972147e-04   7.34259621e-03
   5.57603416e-03   1.25057684e-02   1.01271749e-02   3.51496993e-03
   1.75746924e-03   1.75746924e-03   5.27238562e-03   5.57777785e-07
   5.27629363e-03   3.51493849e-03   6.99835677e-03   3.49207739e-03
   1.11504356e-08   3.13728473e-04   1.20770080e-02   5.12366648e-03
   3.51466728e-03   7.70136453e-03   3.51521765e-03   5.54282618e-05
   5.27208848e-03   8.36919087e-07   4.83667585e-04   5.05892912e-04
   1.75746924e-03   1.74758984e-03   1.71295801e-06   1.41129388e-02
   1.75746887e-03   3.42436821e-08   2.77210551e-16   1.11173400e-04
   1.75746924e-03   1.75746924e-03   4.68919184e-05   1.75746812e-03
   1.10184827e-02   8.32793202e-04   1.75746924e-03   7.14902510e-03
   1.75746924e-03   7.57863634e-04   6.55676252e-03   5.27233778e-03
   1.75746832e-03   1.72611764e-03   1.75746908e-03   1.75746924e-03
   3.51484784e-03   1.75746923e-03   7.97139259e-06   1.75746924e-03
   2.52437662e-04   3.11884786e-04   7.10706830e-03   3.13516035e-05
   3.51157012e-03   5.54053500e-03   1.75743958e-03   3.51449363e-03
   1.75746924e-03   1.75746737e-03   1.75744262e-03   1.75746924e-03
   1.75147197e-03   1.68873429e-03   1.56440931e-07   3.35944672e-04
   3.25725427e-04   1.67822479e-04   1.18755302e-02   8.65956517e-03
   1.75746924e-03   1.75726949e-03   1.74778489e-03   1.75746924e-03
   3.52192997e-03   3.53796585e-03   2.60385000e-05   5.27238912e-03
   1.75745528e-03   1.75744811e-03   1.75745784e-03   3.50794482e-03]
[  3.16455696e-03   3.16403652e-03   6.24724260e-03   9.49235179e-03
   3.16455696e-03   4.11176017e-05   1.88544458e-07   6.32911392e-03
   3.15387348e-05   3.16455696e-03   3.16455696e-03   3.16427502e-03
   3.16455696e-03   3.13830498e-06   4.41679991e-14   2.80668760e-03
   5.12668515e-04   1.26584561e-02   6.42882731e-06   4.71582879e-04
   1.18964600e-12   2.62447001e-03   3.16455696e-03   3.16450784e-03
   3.16455696e-03   3.16455696e-03   2.02004564e-12   3.15414333e-03
   2.26802504e-03   1.30399462e-04   6.32911392e-03   6.32911392e-03
   3.13358772e-03   3.16455696e-03   2.79867232e-03   3.16455696e-03
   6.32911392e-03   2.10275269e-05   3.16455696e-03   3.19278523e-02
   2.68824409e-04   1.15128344e-04   2.98456142e-04   3.16455696e-03
   3.16455696e-03   6.28123122e-03   6.73077878e-04   3.16306198e-03
   3.16455696e-03   8.75423074e-10   3.16455696e-03   2.91975957e-15
   1.36477628e-03   6.29329430e-03   5.19344877e-04   8.09035353e-07
   1.06124205e-03   3.16455696e-03   1.38778186e-03   3.16455696e-03
   3.15812799e-03   3.16455696e-03   5.97783992e-03   6.32911748e-03
   3.16455696e-03   6.32919570e-03   6.32911392e-03   6.14140254e-03
   9.49367089e-03   2.92877009e-05   3.16455696e-03   5.39934635e-07
   5.04804812e-04   1.09835319e-04   6.32912138e-03   3.15759878e-03
   9.49367063e-03   3.16452327e-03   3.26260608e-04   3.16390819e-03
   3.16455696e-03   6.32911392e-03   6.32911392e-03   1.88768209e-02
   3.16454013e-03   3.16455696e-03   1.68270429e-08   3.16423645e-03
   1.97332819e-04   3.13052390e-07   1.24380125e-03   9.51058358e-03
   3.16455696e-03   2.29044460e-03   5.05573267e-04   3.06561919e-05
   1.59345632e-02   3.16455681e-03   3.16455661e-03   9.49367113e-03
   6.32911392e-03   3.16455696e-03   3.16455675e-03   5.07829749e-11
   1.33037185e-04   2.83829340e-03   3.15839231e-03   3.16455687e-03
   6.55823300e-13   6.32911392e-03   6.32911392e-03   3.03151978e-03
   3.16455696e-03   1.79978069e-03   3.16451766e-03   6.32911367e-03
   9.00831206e-04   1.49498037e-06   3.19526977e-07   3.16455696e-03
   1.80991947e-15   9.49359387e-03   3.16455696e-03   2.05530880e-03
   3.16455696e-03   3.15994609e-03   9.50175332e-03   6.32911392e-03
   3.16455381e-03   4.60159585e-04   1.14486319e-02   8.12120997e-04
   3.16451980e-03   3.87762575e-04   3.16455696e-03   1.58227808e-02
   3.16408069e-03   6.31481064e-03   6.32911392e-03   1.45045719e-03
   6.32938732e-03   3.16455696e-03   4.35015309e-04   6.32911391e-03
   6.32908602e-03   3.16455696e-03   6.33824754e-03   3.05472164e-03
   3.16455567e-03   2.54257013e-03   6.32911392e-03   6.32912097e-03
   3.16455696e-03   3.51274007e-04   3.16455696e-03   9.46254502e-03
   6.32911392e-03   6.32738393e-03   6.32911379e-03   3.16455696e-03
   1.04049816e-05   1.47256387e-06   6.37777098e-03   9.49247957e-03
   6.95817713e-06   3.16455696e-03   6.32915151e-03   7.40285980e-04
   1.43228306e-03   3.16455696e-03   3.16455696e-03   5.14351237e-04
   9.45890681e-05   1.42717421e-03   6.32909596e-03   1.58228673e-02
   6.32103171e-03   1.26582278e-02   1.07820258e-03   3.16455696e-03
   1.68465735e-03   2.15152723e-04   6.41090347e-03   8.74112357e-04
   1.77677456e-03   3.16426163e-03   3.57869231e-04   6.36106738e-04
   6.09275537e-04   6.32911392e-03   4.72746436e-04   2.23520249e-15
   3.56469706e-15   9.47728018e-03   1.00747947e-03   3.16454441e-03
   6.74044312e-04   3.16455696e-03   3.16455596e-03   9.34847493e-03
   1.87722936e-04   3.16455696e-03   3.46794145e-04   5.49728632e-04
   1.90904999e-05   3.16455533e-03   1.09318231e-04   9.49367113e-03
   6.70299482e-05   6.34921617e-03   7.56104966e-03   7.70966975e-04
   3.16455696e-03   1.26582319e-02   3.16389055e-03   3.16455696e-03
   3.16455696e-03   9.49414173e-03   6.48773228e-07   4.76165574e-05
   1.39992059e-04   6.32911560e-03   6.32911392e-03   2.66535378e-05
   3.13524952e-03   3.16455696e-03   9.64172631e-03   1.14892529e-04
   1.71635522e-03   6.32893085e-03   3.16455696e-03   7.56671232e-02
   1.26479705e-07   3.16455696e-03   6.60299442e-04   1.05046001e-02
   2.69178025e-03   3.16455696e-03   3.16455696e-03   2.95294450e-07
   1.00514788e-03   2.10331492e-03   3.13790342e-03   2.73825220e-04
   2.61482833e-03   2.11832791e-02   3.16455696e-03   3.16455696e-03
   6.16453476e-06   3.16455696e-03   3.06598828e-03   3.16455696e-03
   3.16377642e-03   1.04099404e-03   3.16455696e-03   5.69300719e-03]
[  3.51493844e-03   7.02125069e-03   3.51493849e-03   1.75745176e-03
   6.69717562e-03   3.51560051e-03   1.75746924e-03   1.75746924e-03
   6.30629061e-06   1.75746923e-03   1.13561481e-02   3.51493849e-03
   7.03747783e-03   3.51493849e-03   1.23667602e-02   4.13958253e-05
   1.37207704e-08   1.11947150e-02   3.51492587e-03   3.51490912e-03
   3.16029940e-06   1.75746924e-03   3.42937298e-03   8.33426913e-05
   5.27240773e-03   8.95729260e-04   7.02673645e-03   5.27158964e-03
   7.57827711e-03   5.27348276e-03   1.75746870e-03   1.75746627e-03
   3.51493849e-03   1.75745021e-03   1.06195291e-02   1.06651885e-02
   2.38265867e-02   1.16992759e-04   3.51493819e-03   1.74702883e-04
   1.73148610e-03   1.75746922e-03   2.95033715e-05   1.22361896e-02
   7.82113972e-03   3.51492760e-03   3.35747486e-03   1.75746431e-03
   1.75746924e-03   7.11698942e-03   4.44238512e-04   1.75746920e-03
   1.75746897e-03   3.51485440e-03   1.75734031e-03   9.83726574e-04
   1.75252594e-03   1.75746757e-03   1.26366227e-03   3.51485467e-03
   6.82235335e-03   7.38679790e-05   5.24250851e-03   1.75746581e-03
   7.00099952e-03   9.19081940e-04   9.61630275e-04   5.39060989e-04
   2.46402119e-15   1.75738734e-03   1.75746924e-03   1.75746828e-03
   2.16543424e-04   8.80399478e-03   3.51370514e-03   1.23119348e-02
   1.75367508e-03   5.57840737e-04   8.78323746e-03   5.27196296e-03
   8.85388691e-03   3.51485770e-03   1.07559554e-02   1.13205484e-01
   1.75746924e-03   3.51489788e-03   1.58552752e-03   3.51493849e-03
   1.97961006e-04   1.82624347e-07   8.42866470e-08   1.88654077e-08
   7.83908422e-04   2.26543306e-02   8.82782782e-03   2.11311590e-02
   4.49383698e-05   4.73111158e-06   1.17344942e-06   1.07574225e-02
   5.27240773e-03   5.27240773e-03   3.51493587e-03   9.19216361e-05
   4.20721444e-07   3.51332338e-03   1.24948717e-04   4.85046027e-03
   7.03810931e-03   1.84778269e-04   1.40242373e-04   8.92890470e-05
   1.15955130e-08   1.75746917e-03   1.75746855e-03   1.75746924e-03
   5.27123381e-03   8.05384473e-05   1.01415391e-03   8.98567221e-03
   5.27240782e-03   8.97345706e-07   2.27605963e-02   1.03465485e-02
   3.51275910e-03   1.75739671e-03   1.02536994e-02   1.75746924e-03
   3.54411307e-03   6.29719857e-05   3.51408372e-03   3.50692644e-03
   3.51087453e-03   1.75658705e-03   3.88872501e-04   1.75745552e-03
   4.04569545e-04   1.02955229e-05   2.01070279e-05   1.75745938e-03
   1.33260592e-15   6.10018556e-07   6.90059286e-03   7.03010319e-03
   3.51493849e-03   1.50173655e-04   4.43336747e-04   3.45626847e-03
   1.75746904e-03   6.88999928e-05   1.04418538e-02   6.79591284e-03
   4.93251216e-04   1.75721959e-03   3.51492945e-03   3.27446581e-03
   1.34699770e-04   5.10455068e-08   4.35010056e-06   5.48003680e-03
   3.51493849e-03   3.19752771e-04   9.98002387e-08   1.71941692e-04
   3.71543349e-07   1.26261660e-03   1.75746923e-03   3.51235159e-03
   2.30891795e-06   6.88597512e-03   1.46908077e-04   1.75746924e-03
   6.95629644e-03   7.04821187e-03   1.45444380e-02   1.19925572e-03
   9.82234188e-04   1.40695394e-02   3.51493849e-03   7.25419722e-03
   1.75746922e-03   3.78754598e-05   1.61721204e-03   1.68853117e-03
   1.74819925e-03   3.51783891e-07   1.26382684e-03   1.23064853e-02
   4.82789644e-03   3.50544931e-03   7.31918255e-03   3.51493630e-03
   5.21417075e-03   1.75746924e-03   4.15516926e-05   6.25910751e-03
   2.53560018e-07   1.75746924e-03   1.38314056e-05   3.51366032e-03
   4.24050574e-05   7.74327002e-04   3.69574387e-02   3.80732679e-08
   2.59831277e-05   1.63867682e-03   3.91186178e-07   9.04103094e-03
   2.11389367e-04   2.62286489e-09   1.99908216e-15   5.55204598e-07
   6.78650572e-08   3.51493848e-03   1.74517262e-04   1.75725587e-03
   7.87305428e-03   1.25186739e-03   5.27222503e-03   1.75746924e-03
   1.13286472e-02   5.27080518e-03   3.51493604e-03   3.51493849e-03
   1.75099194e-03   4.79040674e-04   1.75746390e-03   3.51493176e-03
   1.71903698e-03   5.08346778e-03   1.75746924e-03   3.51479624e-03
   7.95738809e-04   3.51411496e-03   6.76660496e-03   2.45705552e-04
   3.84246720e-07   8.13073019e-05   7.03017819e-03   1.75746924e-03
   1.75741518e-03   4.36100177e-06   6.08266876e-05   1.75746924e-03
   3.51619105e-03   4.12203690e-05   3.52254701e-04   3.51271612e-03
   8.97694678e-04   3.51493501e-03   1.75746924e-03   7.82004899e-05
   2.00420434e-04   5.19514993e-03   3.17201831e-03   3.46544954e-03]
[  8.75192646e-04   3.16455696e-03   6.33279031e-03   3.16455696e-03
   3.16455696e-03   2.24522419e-04   1.33377485e-02   3.16455696e-03
   2.28694069e-03   6.86268471e-04   6.32911392e-03   3.16454562e-03
   2.22199243e-02   1.82171092e-05   3.16455642e-03   3.16455267e-03
   1.89844025e-02   1.08317732e-03   9.49367089e-03   4.70202201e-05
   3.16455696e-03   6.32911392e-03   9.49366492e-03   1.82890238e-02
   1.26952117e-02   6.94276912e-05   1.26692965e-02   1.41600827e-07
   8.20966616e-09   9.23959983e-03   6.26112938e-03   9.83738311e-05
   6.32911392e-03   1.92652415e-02   4.32775691e-16   3.16455696e-03
   1.19036574e-06   4.19428964e-02   3.16455696e-03   6.32913326e-03
   2.82994480e-04   9.45667241e-03   3.57807013e-04   2.85859470e-02
   1.26928547e-02   3.16455680e-03   3.16455696e-03   2.73828861e-07
   3.39787330e-06   4.77805645e-06   1.87069992e-02   9.44922764e-03
   9.49167286e-03   5.12679351e-04   3.16455696e-03   3.16455696e-03
   2.21289508e-02   6.17899662e-03   5.43740350e-05   6.32911392e-03
   4.38903935e-04   6.32913251e-03   3.06349329e-03   3.16455696e-03
   8.03078779e-07   2.20602369e-08   1.06073070e-04   2.07519460e-03
   3.16455696e-03   6.32911392e-03   1.27871762e-05   9.45776016e-03
   3.16371077e-03   3.16455696e-03   6.32911392e-03   6.61773223e-07
   1.26582282e-02   2.99710939e-03   2.85232625e-06   9.02026418e-07
   1.29813709e-05   9.39859306e-03   1.93924102e-02   5.05894864e-06
   2.79987420e-04   1.32300004e-15   1.22605413e-03   6.35979677e-03
   1.26356238e-02   6.32911392e-03   1.53744087e-06   1.42347462e-08
   1.93850273e-03   3.16417457e-03   6.32970702e-03   6.32910815e-03
   2.87665181e-08   2.86717997e-03   2.53164568e-02   3.16455696e-03
   9.49960471e-03   4.87529454e-05   3.16455696e-03   2.68984535e-06
   3.16451661e-03   3.16455696e-03   2.20905274e-03   5.38285574e-04
   1.62582515e-04   9.54908053e-08   3.16455696e-03   5.60279610e-05
   6.27499018e-14   6.68981515e-04   1.58390241e-02   1.27406029e-02
   3.16455696e-03   2.77931017e-03   3.45783637e-05   4.08055099e-04
   2.83967835e-05   6.32911392e-03   9.75006879e-04   2.16844092e-07
   2.34004366e-07   2.93637407e-04   6.32911392e-03   1.39008422e-06
   5.22575354e-06   3.16453918e-03   3.16455696e-03   2.69401183e-05
   6.30430754e-03   3.16455696e-03   2.26689346e-06   1.25052950e-05
   6.32909524e-03   6.29843040e-03   1.89604540e-02   6.32911392e-03
   3.16455151e-03   6.32220795e-03   6.32911362e-03   6.33224003e-03
   2.51392315e-04   3.17123915e-02   3.16455696e-03   3.16455696e-03
   3.16455696e-03   1.25592523e-05   5.52159700e-06   2.88456954e-03
   2.54604011e-06   3.16455696e-03   9.49367298e-03   2.65166161e-03
   3.16455696e-03   3.10045255e-05   6.32235151e-03   1.67447570e-04
   6.32911392e-03   1.84723725e-05   6.32910802e-03   1.39556263e-06
   2.83353535e-03   2.28765347e-03   3.16455696e-03   1.53875767e-06
   6.32877246e-03   9.54373525e-04   6.32911392e-03   6.34565960e-08
   3.41035702e-04   3.89028615e-13   1.94884813e-03   2.51110844e-13
   9.49347687e-03   1.93834563e-05   3.16447388e-03   2.81700119e-07
   7.43948418e-08   1.26582265e-02   3.16455696e-03   1.22784452e-14
   7.02047631e-07   2.47089649e-04   2.30877183e-06   3.16455696e-03
   4.57066164e-07   6.29067524e-03   9.47866514e-03   6.32911392e-03
   2.97048491e-05   9.38369023e-05   2.82352126e-03   3.16455693e-03
   2.19879629e-02   6.62537287e-08   8.57667400e-09   3.85245550e-04
   3.16274569e-03   1.04179691e-08   1.83916283e-05   1.07472218e-04
   1.26581653e-02   1.21879585e-03   5.39243910e-07   1.43193397e-07
   9.49366984e-03   6.35294116e-06   4.86342250e-07   1.13069320e-06
   5.23886987e-10   4.31909914e-06   3.79969281e-05   4.08562164e-05
   4.80642527e-08   1.77842240e-03   3.93443435e-08   3.16393868e-03
   6.32229670e-03   1.02840413e-05   2.47170140e-02   7.66944511e-06
   4.79791453e-04   2.17808043e-06   3.50594638e-07   3.04298318e-04
   1.00830621e-05   2.52769994e-04   4.25283580e-03   2.21034143e-12
   3.16178835e-03   3.37923671e-05   3.16455696e-03   8.86826875e-07
   3.16455696e-03   2.09101513e-03   4.41356572e-05   4.13002356e-04
   2.85817877e-04   6.32718228e-03   3.50381256e-08   4.21110253e-07
   1.29161946e-15   1.22986833e-04   7.15650586e-05   3.40305537e-05
   1.03754375e-08   3.16143085e-03   7.43328214e-06   1.87038812e-08
   5.89414394e-04   3.16187422e-03   2.26964176e-05   3.72177203e-06]
[ 0.00594054  0.0042196   0.00143941  0.00335368  0.00175747  0.00419949
  0.00412963  0.00175747  0.00175747  0.00203515  0.0039837   0.00409091
  0.00206847  0.00291089  0.00175747  0.00548633  0.00196071  0.00175747
  0.00232184  0.00863079  0.00158655  0.00280994  0.00501937  0.00175215
  0.00702988  0.00368097  0.00466586  0.00178069  0.00249887  0.0044173
  0.00778393  0.00351481  0.00948463  0.00527239  0.00053945  0.00219057
  0.00527241  0.00527276  0.00355901  0.00353845  0.00697223  0.00190896
  0.00303828  0.00301171  0.00816559  0.00351494  0.00070195  0.0030166
  0.00361716  0.00251978  0.00470795  0.00496061  0.00461255  0.00196579
  0.00877668  0.00301433  0.00527241  0.00383328  0.00105552  0.00785213
  0.00526494  0.00298565  0.00250708  0.00370443  0.00187332  0.00702025
  0.00351494  0.00548574  0.00351494  0.01054482  0.00322986  0.00211787
  0.00344008  0.00249392  0.00261269  0.00177191  0.00702951  0.00312989
  0.00258683  0.00520127  0.00679397  0.00335627  0.00351528  0.00597168
  0.00228797  0.0019278   0.00394922  0.00349316  0.00123143  0.00249181
  0.0038921   0.00353276  0.00449124  0.00203208  0.00796849  0.00740595
  0.00687997  0.00348008  0.00472688  0.00378623  0.00872198  0.00360866
  0.00210206  0.00242315  0.00841258  0.00287453  0.00570898  0.0017274
  0.00175747  0.00556825  0.00494554  0.00396021  0.00258059  0.00229828
  0.00319051  0.00222146  0.00394337  0.00283605  0.00406466  0.00314672
  0.00278861  0.01063197  0.00529886  0.00133824  0.00343528  0.00174311
  0.00533075  0.0024622   0.00879459  0.00319465  0.00249515  0.00665949
  0.00367521  0.0062356   0.00334096  0.00407283  0.00286692  0.00352332
  0.00543198  0.0036742   0.00195783  0.00285119  0.00429199  0.00325796
  0.00378753  0.00324021  0.00194614  0.0010037   0.00484775  0.00243344
  0.00734238  0.0045795   0.00725043  0.00275709  0.00176005  0.00295124
  0.00266725  0.0025925   0.00519568  0.00174837  0.0030679   0.00150943
  0.00779333  0.00536454  0.00323615  0.00156641  0.00302163  0.00519346
  0.00535089  0.00228482  0.00397842  0.00750682  0.00354966  0.00343877
  0.00331781  0.0031323   0.00314654  0.00376527  0.00710751  0.00288378
  0.00702079  0.00313058  0.00218658  0.00531688  0.00229646  0.00409943
  0.00328175  0.00545163  0.00330441  0.00826926  0.00338449  0.00359037
  0.00353733  0.0017694   0.00093564  0.00620567  0.00170226  0.00428509
  0.00351597  0.00289984  0.00717556  0.00524756  0.00266404  0.00086895
  0.00530309  0.00400298  0.00364601  0.00239477  0.00340433  0.00071105
  0.00469064  0.00235184  0.00265273  0.00692222  0.00376718  0.00442082
  0.00310001  0.00089974  0.00220757  0.0045593   0.00356884  0.00614821
  0.00328558  0.00334114  0.00271696  0.00790683  0.00242845  0.00903157
  0.00187453  0.00172995  0.00202902  0.00314679  0.00323434  0.00396483
  0.00264766  0.00367973  0.00310001  0.00360241  0.00272724  0.00321561
  0.00350806  0.00685399  0.00183105  0.00560537  0.00212604  0.00699843
  0.00175785  0.00444523  0.00856554  0.00464452  0.00423542  0.00438103
  0.00314974  0.00437817  0.0017583   0.01045207]
[ 0.00316611  0.00218843  0.00316456  0.00130297  0.00316456  0.0058123
  0.00364508  0.0032885   0.00148448  0.0064148   0.00564196  0.00252197
  0.00316456  0.003137    0.00204544  0.00318855  0.00632911  0.00386726
  0.00317451  0.00460466  0.00949365  0.00290128  0.00132573  0.00316456
  0.00316456  0.00632879  0.00035335  0.00316456  0.00500395  0.00316456
  0.00632911  0.00121721  0.00357985  0.00601077  0.00251764  0.00316456
  0.00332935  0.00196607  0.00476146  0.00318918  0.00373146  0.00949367
  0.00316456  0.00316456  0.00632715  0.00489191  0.00916837  0.00956959
  0.00085596  0.00292572  0.00632911  0.00323569  0.00206512  0.01194352
  0.00631071  0.00303106  0.00316456  0.00136789  0.00320374  0.00316456
  0.00318071  0.00204191  0.00316456  0.00333463  0.00424885  0.00316533
  0.00316727  0.00226099  0.00642386  0.00518614  0.00256677  0.00370072
  0.00617287  0.00486757  0.00449226  0.00999607  0.00311682  0.00316456
  0.00140225  0.00174277  0.0030703   0.00633004  0.00556275  0.00639255
  0.00545781  0.00523793  0.00383894  0.00316456  0.00632911  0.00272964
  0.00665215  0.00251727  0.00949367  0.00316456  0.00316456  0.00328671
  0.01322244  0.0031688   0.00316561  0.0009437   0.00317083  0.00280681
  0.00239784  0.00568041  0.003393    0.00632911  0.00941893  0.00316456
  0.00168008  0.00632911  0.00366539  0.00117358  0.00165244  0.00218545
  0.00316456  0.00316456  0.00626024  0.0010713   0.00135168  0.00316456
  0.00315987  0.00513985  0.00299049  0.00331153  0.00316456  0.0023675
  0.00378734  0.00632911  0.00319569  0.0032792   0.00632911  0.00316602
  0.00284568  0.00185737  0.00388811  0.00199989  0.00422511  0.00673367
  0.00449029  0.00316456  0.00316454  0.00619977  0.00316456  0.00327674
  0.00316753  0.00519749  0.00077629  0.0045188   0.00316456  0.00632818
  0.00317435  0.00258521  0.00632911  0.00316456  0.00461727  0.00316456
  0.00612969  0.00794139  0.00949596  0.00297651  0.00497744  0.00249243
  0.00983172  0.00220684  0.00362522  0.0041228   0.00316467  0.00627087
  0.00329688  0.00603064  0.00397693  0.00741344  0.00316459  0.00077611
  0.00392194  0.00327452  0.00628323  0.0062983   0.00292981  0.00316195
  0.00254803  0.00632911  0.00311276  0.00074409  0.00295941  0.00315708
  0.00181968  0.00131852  0.00340548  0.00153914  0.00316901  0.00300406
  0.00620532  0.00322446  0.00298781  0.00578407  0.00335798  0.0027533
  0.00328589  0.00628643  0.0015074   0.00336155  0.00695516  0.00195966
  0.00321573  0.00949367  0.00317011  0.00467203  0.00576234  0.00445569
  0.00277587  0.00297234  0.00280238  0.00223163  0.00316456  0.00319417
  0.0046545   0.001362    0.00083558  0.00500338  0.00241442  0.00531901
  0.0034051   0.00209671  0.00345958  0.00316456  0.00386272  0.00333187
  0.00491107  0.00423702  0.00274341  0.0048726   0.00193626  0.00257323
  0.00638067  0.00157714  0.00332912  0.0043122   0.00073585  0.00318204
  0.00222182  0.00616432  0.00141582  0.00245199  0.00077978  0.00157364
  0.00387639  0.00461938  0.00632908  0.00243868  0.0013375   0.00694194
  0.00316469  0.00116819  0.00428019  0.00360802]
